110000000000000000000000000000000000000000000000000000011
100000000000000000000000000000000000000000000000000000011
110000000000000000000000000000000000000000000000000000011
110000000000000000000000000000000000000000000000000000011
110000000000000000000000000000000000000000000000000000011
110000000000000000000000000000000000000000000000000000011
110000000000000000000000000000000000000000000000000000011
110000000000000000000000000000000000000000000000000000011
110000000000000000000000000000000000000000000000000000011
110000000000000000000000000000000000000000000000000000011
110000000000000000000000000000000000000000000000000000011
110000000000000000000000000000000000000000000000000000011
110000000000000000000000000000000000000000000000000000011
110000000000000000000000000000000000000000000000000000011
110000000000000000000000000000000000000000000000000000011
110000000000000000000000000000000000000000000000000000011
110000000000000000000000000000000000000000000000000000011
110000000000000000000000000000000000000000000000000000011
110000000000000000000000000000000000000000000000000000011
110000000000000000000000000000000000000000000000000000011
110000000000000000000000000000000000000000000000000000011
110000000000000000000000000000000000000000000000000000011
110000000000000000000000000000000000000000000000000000011
110000000000000000000000000000000000000000000000000000011
110000000000000000000000000000000000000000000000000000011
110000000000000000000000000000000000000000000000000000011
110000000000000000000000000000000000000000000000000000011
110000000000000000000000000000000000000000000000000000011
110000000000000000000000000000000000000000000000000000011
110000000000000000000000000000000000000000000000000000011
110000000000000000000000000000000000000000000000000000011
110000000000000000000000000000000000000000000000000000011
110000000000000000000000000000000000000000000000000000011
110000000000000000000000000000000000000000000000000000011
110000000000000000000000000000000000000000000000000000011
110000000000000000000000000000000000000000000000000000011
110000000000000000000000000000000000000000000000000000011
110000000000000000000000000000000000000000000000000000011
110000000000000000000000000000000000000000000000000000011
110000000000000000000000000000000000000000000000000000011
110000000000000000000000000000000000000000000000000000011
110000000000000000000000000000000000000000000000000000011
110000000000000000000000000000000000000000000000000000011
110000000000000000000000000000000000000000000000000000011
110000000000000000000000000000000000000000000000000000011
110000000000000000000000000000000000000000000000000000011
110000000000000000000000000000000000000000000000000000011
110000000000000000000000000000000000000000000000000000011
110000000000000000000000000000000000000000000000000000011
110000000000000000000000000000000000000000000000000000011
110000000000000000000000000000000000000000000000000000011
110000000000000000000000000000000000000000000000000000011
110001111101011011100100101110010010001111000000000000011
111011111111111111111111111111111111111111111111111110011
110000000000000000000000000000000000000000000000000000011
