pic_index,  number_count
01, 30
(537, 6195, 986, 863, 4831, 726, 628, 4195, 879)
non_empty_indexs : (0, 1, 4, 9, 12, 13, 14, 19, 20, 25, 27, 31, 35, 36, 39, 41, 44, 45, 49, 53, 55, 60, 61, 66, 67, 68, 71, 76, 79, 80)
notice: too small

02, 46
(289, 54629, 345, 32945, 8712, 76193, 637948521, 851746, 176398)
non_empty_indexs : (1, 2, 4, 10, 11, 12, 13, 17, 20, 21, 26, 27, 29, 32, 33, 34, 37, 39, 43, 44, 46, 47, 49, 51, 53, 54, 55, 56, 57, 58, 59, 60, 61, 62, 63, 65, 66, 69, 70, 71, 74, 76, 77, 78, 79, 80)


03, 22
(812, 967, 78, 257, , 396, 64, 178, 435)
non_empty_indexs : (1, 5, 6, 11, 12, 17, 18, 25, 27, 32, 34, 46, 48, 53, 55, 62, 63, 68, 69, 74, 75, 79)

04, 36
(7143, 4325, 5946, 638, 728591, 476, 3462, 9865, 6893)
non_empty_indexs : (1, 3, 6, 8, 9, 11, 13, 15, 20, 21, 23, 26, 28, 32, 33, 36, 38, 39, 41, 42, 44, 47, 48, 52, 54, 57, 59, 60, 65, 67, 69, 71, 72, 74, 77, 79)


05, 30
(537619598686348317 266284195879)
non_empty_indexs : (0, 1, 4, 9, 12, 13, 14, 19, 20, 25, 27, 31, 35, 36, 39, 41, 44, 45, 49, 53, 55, 60, 61, 66, 67, 68, 71, 76, 79, 80)

06, 28
(386, 9312, 195, 475, 81, 642, 287, 7543, 384)
non_empty_indexs : (1, 6, 8, 11, 14, 15, 16, 21, 22, 24, 27, 29, 32, 39, 41, 48, 51, 53, 56, 58, 59, 64, 65, 66, 69, 72, 74, 79)

07, 30
(852139, 2751, , 49, 928714, 53, , 1644, 341268)
non_empty_indexs : (0, 1, 3, 5, 7, 8, 9, 10, 16, 17, 30, 32, 36, 37, 39, 41, 43, 44, 48, 50, 63, 64, 70, 71, 72, 73, 75, 77, 79, 80)
notice: there is special 2 which index is 3

08, 25
(5, 1468, 412, 4275, 3, 6541, 213 9576, 2)
notice: some numbers lost part

09, 24
(12, 526, 97, 2547, 96, 5419, 61, 371, 84)
non_empty_indexs : (1, 5, 13, 15, 17, 20, 23, 28, 30, 33, 35, 37, 43, 45, 47, 50, 52, 57, 60, 63, 65, 67, 75, 79)

10, 28
(475, 8243, 38, 2638, 17, 1736, 94, 2765, 157)
non_empty_indexs : (1, 4, 7, 9, 11, 14, 17, 23, 25, 28, 29, 30, 32, 36, 44, 48, 50, 51, 52, 55, 57, 63, 66, 69, 71, 73, 76, 79)

11, 28, 29
(386, 4673, 194, 43, 2871, 54, 586, 2395, 514)
non_empty_indexs : (0, 3, 8, 9, 13, 14, 15, 19, 21, 22, 28, 34, 37, 38, 42, 43, 46, 52, 58, 59, 60, 61, 65, 66, 67, 71, 72, 77, 80)
notice: one more

12, 29
(419, 913, 742, 8139, 741, 3684, 769, 482, 256)
non_empty_indexs : (1, 6, 7, 9, 11, 14, 20, 23, 25, 28, 30, 33, 35, 36, 40, 44, 45, 47, 50, 52, 55, 57, 60, 66, 69, 71, 73, 74, 79)

13, 28, 29
(685, 673, 94, 812, 237618, 946, 86, 793, 842)
non_empty_indexs : (1, 3, 4, 13, 14, 17, 20, 24, 28, 31, 35, 36, 37, 39, 41, 43, 44, 45, 49, 52, 56, 60, 63, 66, 67, 75, 76, 77, 79)
notice: one more, one get border

14, 25, 29
(186, 538, 859, 1475, 251, 6418, 748, 572, 627)
notice: four more, some are get part


array([[[384, 225]],

       [[ 42, 249]],

       [[ 49, 583]],

       [[384, 569]]], dtype=int32)

Running tests:

..............Points.cal_internal_points(four_endpoints, 9, 9) :
[array([[ 42, 249],
       [ 80, 246],
       [118, 243],
       [156, 241],
       [194, 238],
       [232, 235],
       [270, 233],
       [308, 230],
       [346, 227],
       [384, 225]], dtype=int32),
 array([[ 42, 286],
       [ 80, 283],
       [118, 280],
       [156, 278],
       [194, 275],
       [232, 273],
       [270, 270],
       [308, 268],
       [346, 265],
       [384, 263]], dtype=int32),
 array([[ 43, 323],
       [ 80, 320],
       [118, 318],
       [156, 315],
       [194, 313],
       [232, 310],
       [270, 308],
       [308, 305],
       [346, 303],
       [384, 301]], dtype=int32),
 array([[ 44, 360],
       [ 81, 357],
       [119, 355],
       [157, 353],
       [195, 350],
       [232, 348],
       [270, 346],
       [308, 343],
       [346, 341],
       [384, 339]], dtype=int32),
 array([[ 45, 397],
       [ 82, 394],
       [120, 392],
       [158, 390],
       [195, 388],
       [233, 385],
       [271, 383],
       [308, 381],
       [346, 379],
       [384, 377]], dtype=int32),
 array([[ 45, 434],
       [ 82, 432],
       [120, 430],
       [158, 428],
       [195, 426],
       [233, 424],
       [271, 422],
       [308, 420],
       [346, 418],
       [384, 416]], dtype=int32),
 array([[ 46, 471],
       [ 83, 469],
       [121, 467],
       [158, 465],
       [196, 463],
       [233, 461],
       [271, 459],
       [308, 457],
       [346, 455],
       [384, 454]], dtype=int32),
 array([[ 47, 508],
       [ 84, 506],
       [121, 504],
       [159, 502],
       [196, 500],
       [234, 499],
       [271, 497],
       [309, 495],
       [346, 493],
       [384, 492]], dtype=int32),
 array([[ 48, 545],
       [ 85, 543],
       [122, 541],
       [160, 540],
       [197, 538],
       [234, 536],
       [272, 535],
       [309, 533],
       [346, 531],
       [384, 530]], dtype=int32),
 array([[ 49, 583],
       [ 86, 581],
       [123, 579],
       [160, 578],
       [197, 576],
       [235, 575],
       [272, 573],
       [309, 572],
       [346, 570],
       [384, 569]], dtype=int32)]
.

Finished tests in 0.053989s.

15 tests, 20 assertions, 0 failures, 0 errors.
[Finished in 0.4s]

32 37 37